0 0.3270707786836819 0.2094017094017094 0.07562330142975306 0.11111111111111112
0 0.15408247666312183 0.35128205128205126 0.11910669975186107 0.11794871794871789
0 0.17771475835991965 0.5017094017094017 0.13612194257355548 0.12478632478632475
0 0.347867186576864 0.45897435897435895 0.11721611721611723 0.08376068376068374
0 0.8649415101028004 0.31367521367521367 0.17960534089566352 0.17948717948717946
0 0.34125014770176065 0.7393162393162394 0.27791563275434245 0.1965811965811966
0 0.5388160226869904 0.7051282051282051 0.07940446650124103 0.07350427350427358
0 0.4839891291504195 0.2658119658119658 0.13990310764504316 0.11452991452991451
0 0.7307101500649886 0.7589743589743589 0.06617038875103404 0.09230769230769226
0 0.9074796171570365 0.7965811965811966 0.06427980621529002 0.054700854700854507
