0 0.6377188904385556 0.11880341880341876 0.2759360583628362 0.18974358974358962
0 0.5763997663579253 0.28632478632478636 0.16249567881367036 0.1863247863247863
0 0.30123019704609666 0.32820512820512815 0.127237182467308 0.10256410256410256
0 0.03525849634636245 0.5273504273504274 0.06438508028466187 0.06666666666666671
0 0.13336909487537102 0.7333333333333333 0.19315524085398564 0.1743589743589743
0 0.5672018977458307 0.7905982905982907 0.13490207297738685 0.09059829059829055
0 0.5503391386236574 0.9495726495726495 0.08891272991691401 0.10085470085470077
0 0.24910894157756083 0.9641025641025639 0.08124783940683525 0.054700854700854784
0 0.08048135035582733 0.9564102564102563 0.0965776204269928 0.04615384615384613
0 0.5840646568680041 0.41623931623931626 0.036791474448378166 0.12478632478632477
