0 0.6453837809486345 0.12991452991452992 0.26060627734267905 0.17094017094017094
0 0.5809987006639727 0.2726495726495729 0.1379680291814182 0.11452991452991461
0 0.2989307298930729 0.3324786324786326 0.14716589779351272 0.10427350427350443
0 0.03295902919333882 0.5205128205128206 0.05365423357055157 0.08376068376068374
0 0.13643505107940254 0.7384615384615384 0.19315524085398564 0.17777777777777787
0 0.5756332773069174 0.8444444444444446 0.13643505107940243 0.2153846153846156
0 0.5518721167256733 0.9529914529914529 0.07664890510078806 0.09401709401709396
0 0.28513392697493123 0.9598290598290597 0.14409994158948136 0.0598290598290599
0 0.3311232700354039 0.5213675213675214 0.07358294889675644 0.041025641025641095
0 0.7450273575796588 0.7658119658119658 0.06438508028466165 0.04786324786324782
0 0.400873773677121 0.11623931623931621 0.047522321162488404 0.03418803418803414
0 0.07281645984574854 0.9564102564102563 0.07511592699877219 0.04615384615384613
