1 0.35668125912028353 0.28205128205128205 0.17219095267875756 0.1435897435897436
1 0.20191439093878116 0.035897435897435895 0.1578417066221944 0.07179487179487179
1 0.7840838023764853 0.22307692307692306 0.10454450698353156 0.10085470085470088
1 0.46430060454450695 0.7863247863247864 0.1824404141477313 0.1435897435897435
1 0.2910847057188521 0.9145299145299145 0.2500868598429574 0.14700854700854704
1 0.11171913001181295 0.30256410256410254 0.09634493780835245 0.0752136752136752
1 0.5883379549717458 0.5342485467126045 0.1058652117845822 0.08992659269564342
1 0.6347291055438774 0.4684032766424572 0.07691021089955626 0.09013370843501775
1 0.9224515322076298 0.3521367521367521 0.11889375304009447 0.07179487179487182
1 0.8404558404558403 0.46752136752136747 0.11069418386491563 0.07692307692307693
